object Form8: TForm8
  Left = 0
  Top = 0
  Caption = 'Form8'
  ClientHeight = 370
  ClientWidth = 640
  FormFactor.Width = 320
  FormFactor.Height = 480
  FormFactor.Devices = [Desktop]
  DesignerMasterStyle = 0
  object AnalogClock1: TAnalogClock
    Position.X = 88.000000000000000000
    Position.Y = 56.000000000000000000
    Size.Width = 200.000000000000000000
    Size.Height = 200.000000000000000000
    Size.PlatformDefault = False
    Stroke.Thickness = 0.000000000000000000
  end
end
